%YAML:1.0
---
camera_matrix: !!opencv-matrix
   rows: 3
   cols: 3
   dt: d
   data: [ 5.3434144943968431e+02, 0., 3.3915527161379129e+02, 0.,
       5.3468426373987893e+02, 2.3384359773626585e+02, 0., 0., 1. ]
dist_coeff: !!opencv-matrix
   rows: 1
   cols: 5
   dt: d
   data: [ -2.8832101897894669e-01, 5.4108204045080398e-02,
       1.7350158749699675e-03, -2.6133116642023302e-04,
       2.0410981116665364e-01 ]
